2.028989999999999938e+01
3.075900000000000034e+01
